[0, 17, 2, 0, 0]
[1, 64, 7, 0, 0]
[2, 85, 7, 0, 0]
[3, 1, 0, 0, 0]
[4, 98, 8, 0, 0]
[5, 83, 6, 0, 0]
[6, 15, 1, 0, 0]
[7, 93, 6, 0, 0]
[8, 9, 2, 0, 0]
[9, 11, 0, 0, 0]
[10, 10, 0, 0, 0]
[11, 0, 0, 0, 0]
[12, 72, 6, 0, 0]
[13, 78, 8, 0, 0]
[14, 33, 0, 0, 0]
[15, 26, 2, 0, 0]
[16, 45, 4, 0, 0]
[17, 32, 0, 0, 0]
[18, 67, 8, 0, 0]
[19, 47, 5, 0, 0]
[20, 0, 0, 0, 0]
[21, 89, 8, 0, 0]
[22, 97, 8, 0, 0]
[23, 30, 0, 0, 0]
[24, 4, 1, 0, 0]
[25, 72, 6, 0, 0]
[26, 34, 1, 0, 0]
[27, 67, 8, 0, 0]
[28, 69, 8, 0, 0]
[29, 54, 4, 0, 0]
[30, 67, 8, 0, 0]
[31, 53, 3, 0, 0]
[32, 4, 1, 0, 0]
[33, 41, 3, 0, 0]
[34, 0, 0, 0, 0]
[35, 83, 6, 0, 0]
[36, 96, 8, 0, 0]
[37, 98, 8, 0, 0]
[38, 76, 8, 0, 0]
[39, 60, 6, 0, 0]
[40, 59, 5, 0, 0]
[41, 19, 2, 0, 0]
[42, 75, 7, 0, 0]
[43, 66, 8, 0, 0]
[44, 76, 8, 0, 0]
[45, 41, 3, 0, 0]
[46, 62, 6, 0, 0]
[47, 54, 4, 0, 0]
[48, 84, 7, 0, 0]
[49, 99, 8, 0, 0]
[50, 84, 7, 0, 0]
[51, 46, 5, 0, 0]
[52, 98, 8, 0, 0]
[53, 21, 0, 0, 0]
[54, 69, 8, 0, 0]
[55, 47, 5, 0, 0]
[56, 5, 1, 0, 0]
[57, 39, 2, 0, 0]
[58, 59, 5, 0, 0]
[59, 3, 0, 0, 0]
[60, 90, 6, 0, 0]
[61, 28, 2, 0, 0]
[62, 73, 6, 0, 0]
[63, 97, 8, 0, 0]
[64, 80, 6, 0, 0]
[65, 91, 6, 0, 0]
[66, 97, 8, 0, 0]
[67, 57, 5, 0, 0]
[68, 0, 0, 0, 0]
[69, 11, 0, 0, 0]
[70, 22, 0, 0, 0]
[71, 12, 0, 0, 0]
[72, 54, 4, 0, 0]
[73, 21, 0, 0, 0]
[74, 98, 8, 0, 0]
[75, 97, 8, 0, 0]
[76, 92, 6, 0, 0]
[77, 21, 0, 0, 0]
[78, 45, 4, 0, 0]
[79, 17, 2, 0, 0]
[80, 79, 8, 0, 0]
[81, 0, 0, 0, 0]
[82, 88, 8, 0, 0]
[83, 78, 8, 0, 0]
[84, 10, 0, 0, 0]
[85, 93, 6, 0, 0]
[86, 48, 5, 0, 0]
[87, 95, 7, 0, 0]
[88, 50, 3, 0, 0]
[89, 61, 6, 0, 0]
[90, 17, 2, 0, 0]
[91, 36, 2, 0, 0]
[92, 44, 4, 0, 0]
[93, 83, 6, 0, 0]
[94, 87, 8, 0, 0]
[95, 0, 0, 0, 0]
[96, 92, 6, 0, 0]
[97, 88, 8, 0, 0]
[98, 58, 5, 0, 0]
[99, 17, 2, 0, 0]
[100, 74, 7, 0, 0]
[101, 16, 2, 0, 0]
[102, 6, 2, 0, 0]
[103, 13, 0, 0, 0]
[104, 8, 2, 0, 0]
[105, 70, 6, 0, 0]
[106, 17, 2, 0, 0]
[107, 83, 6, 0, 0]
[108, 50, 3, 0, 0]
[109, 94, 7, 0, 0]
[110, 27, 2, 0, 0]
[111, 6, 2, 0, 0]
[112, 0, 0, 0, 0]
[113, 10, 0, 0, 0]
[114, 11, 0, 0, 0]
[115, 91, 6, 0, 0]
[116, 38, 2, 0, 0]
[117, 76, 8, 0, 0]
[118, 0, 0, 0, 0]
[119, 55, 4, 0, 0]
[120, 12, 0, 0, 0]
[121, 56, 5, 0, 0]
[122, 47, 5, 0, 0]
[123, 74, 7, 0, 0]
[124, 90, 6, 0, 0]
[125, 91, 6, 0, 0]
[126, 66, 8, 0, 0]
[127, 93, 6, 0, 0]
[128, 38, 2, 0, 0]
[129, 44, 4, 0, 0]
[130, 39, 2, 0, 0]
[131, 7, 2, 0, 0]
[132, 41, 3, 0, 0]
[133, 83, 6, 0, 0]
[134, 44, 4, 0, 0]
[135, 22, 0, 0, 0]
[136, 3, 0, 0, 0]
[137, 37, 2, 0, 0]
[138, 57, 5, 0, 0]
[139, 73, 6, 0, 0]
[140, 9, 2, 0, 0]
[141, 91, 6, 0, 0]
[142, 81, 6, 0, 0]
[143, 42, 3, 0, 0]
[144, 64, 7, 0, 0]
[145, 4, 1, 0, 0]
[146, 75, 7, 0, 0]
[147, 35, 1, 0, 0]
[148, 81, 6, 0, 0]
[149, 39, 2, 0, 0]
[150, 32, 0, 0, 0]
[151, 54, 4, 0, 0]
[152, 0, 0, 0, 0]
[153, 14, 1, 0, 0]
[154, 88, 8, 0, 0]
[155, 1, 0, 0, 0]
[156, 63, 6, 0, 0]
[157, 82, 6, 0, 0]
[158, 30, 0, 0, 0]
[159, 60, 6, 0, 0]
[160, 92, 6, 0, 0]
[161, 10, 0, 0, 0]
[162, 55, 4, 0, 0]
[163, 79, 8, 0, 0]
[164, 53, 3, 0, 0]
[165, 52, 3, 0, 0]
[166, 10, 0, 0, 0]
[167, 39, 2, 0, 0]
[168, 85, 7, 0, 0]
[169, 92, 6, 0, 0]
[170, 72, 6, 0, 0]
[171, 92, 6, 0, 0]
[172, 0, 0, 0, 0]
[173, 9, 2, 0, 0]
[174, 23, 0, 0, 0]
[175, 13, 0, 0, 0]
[176, 61, 6, 0, 0]
[177, 44, 4, 0, 0]
[178, 2, 0, 0, 0]
[179, 25, 1, 0, 0]
[180, 90, 6, 0, 0]
[181, 12, 0, 0, 0]
[182, 15, 1, 0, 0]
[183, 2, 0, 0, 0]
[184, 63, 6, 0, 0]
[185, 1, 0, 0, 0]
[186, 49, 5, 0, 0]
[187, 76, 8, 0, 0]
[188, 1, 0, 0, 0]
[189, 19, 2, 0, 0]
[190, 67, 8, 0, 0]
[191, 87, 8, 0, 0]
[192, 91, 6, 0, 0]
[193, 59, 5, 0, 0]
[194, 51, 3, 0, 0]
[195, 36, 2, 0, 0]
[196, 9, 2, 0, 0]
[197, 50, 3, 0, 0]
[198, 4, 1, 0, 0]
[199, 80, 6, 0, 0]
[200, 22, 0, 0, 0]
[201, 61, 6, 0, 0]
[202, 90, 6, 0, 0]
[203, 21, 0, 0, 0]
[204, 32, 0, 0, 0]
[205, 74, 7, 0, 0]
[206, 10, 0, 0, 0]
[207, 59, 5, 0, 0]
[208, 69, 8, 0, 0]
[209, 99, 8, 0, 0]
[210, 64, 7, 0, 0]
[211, 62, 6, 0, 0]
[212, 44, 4, 0, 0]
[213, 56, 5, 0, 0]
[214, 2, 0, 0, 0]
[215, 95, 7, 0, 0]
[216, 7, 2, 0, 0]
[217, 2, 0, 0, 0]
[218, 78, 8, 0, 0]
[219, 85, 7, 0, 0]
[220, 13, 0, 0, 0]
[221, 88, 8, 0, 0]
[222, 8, 2, 0, 0]
[223, 37, 2, 0, 0]
[224, 96, 8, 0, 0]
[225, 0, 0, 0, 0]
[226, 18, 2, 0, 0]
[227, 18, 2, 0, 0]
[228, 42, 3, 0, 0]
[229, 53, 3, 0, 0]
[230, 23, 0, 0, 0]
[231, 58, 5, 0, 0]
[232, 29, 2, 0, 0]
[233, 83, 6, 0, 0]
[234, 97, 8, 0, 0]
[235, 21, 0, 0, 0]
[236, 5, 1, 0, 0]
[237, 34, 1, 0, 0]
[238, 13, 0, 0, 0]
[239, 75, 7, 0, 0]
[240, 89, 8, 0, 0]
[241, 94, 7, 0, 0]
[242, 64, 7, 0, 0]
[243, 45, 4, 0, 0]
[244, 5, 1, 0, 0]
[245, 19, 2, 0, 0]
[246, 40, 3, 0, 0]
[247, 89, 8, 0, 0]
[248, 49, 5, 0, 0]
[249, 20, 0, 0, 0]
[250, 92, 6, 0, 0]
[251, 63, 6, 0, 0]
[252, 92, 6, 0, 0]
[253, 16, 2, 0, 0]
[254, 29, 2, 0, 0]
[255, 35, 1, 0, 0]
[256, 67, 8, 0, 0]
[257, 89, 8, 0, 0]
[258, 50, 3, 0, 0]
[259, 51, 3, 0, 0]
[260, 31, 0, 0, 0]
[261, 24, 1, 0, 0]
[262, 29, 2, 0, 0]
[263, 10, 0, 0, 0]
[264, 40, 3, 0, 0]
[265, 28, 2, 0, 0]
[266, 59, 5, 0, 0]
[267, 56, 5, 0, 0]
[268, 78, 8, 0, 0]
[269, 5, 1, 0, 0]
[270, 89, 8, 0, 0]
[271, 98, 8, 0, 0]
[272, 83, 6, 0, 0]
[273, 52, 3, 0, 0]
[274, 0, 0, 0, 0]
[275, 0, 0, 0, 0]
[276, 90, 6, 0, 0]
[277, 45, 4, 0, 0]
[278, 83, 6, 0, 0]
[279, 70, 6, 0, 0]
[280, 83, 6, 0, 0]
[281, 47, 5, 0, 0]
[282, 40, 3, 0, 0]
[283, 2, 0, 0, 0]
[284, 28, 2, 0, 0]
[285, 6, 2, 0, 0]
[286, 53, 3, 0, 0]
[287, 8, 2, 0, 0]
[288, 52, 3, 0, 0]
[289, 82, 6, 0, 0]
[290, 73, 6, 0, 0]
[291, 99, 8, 0, 0]
[292, 99, 8, 0, 0]
[293, 62, 6, 0, 0]
[294, 70, 6, 0, 0]
[295, 17, 2, 0, 0]
[296, 58, 5, 0, 0]
[297, 43, 3, 0, 0]
[298, 43, 3, 0, 0]
[299, 37, 2, 0, 0]