0 : [11, 20, 34, 68, 81, 95, 112, 118, 152, 172, 225, 274, 275]
1 : [3, 155, 185, 188]
2 : [178, 183, 214, 217, 283]
3 : [59, 136]
4 : [24, 32, 145, 198]
5 : [56, 236, 244, 269]
6 : [102, 111, 285]
7 : [131, 216]
8 : [104, 222, 287]
9 : [8, 140, 173, 196]
10 : [10, 84, 113, 161, 166, 206, 263]
11 : [9, 69, 114]
12 : [71, 120, 181]
13 : [103, 175, 220, 238]
14 : [153]
15 : [6, 182]
16 : [101, 253]
17 : [0, 79, 90, 99, 106, 295]
18 : [226, 227]
19 : [41, 189, 245]
20 : [249]
21 : [53, 73, 77, 203, 235]
22 : [70, 135, 200]
23 : [174, 230]
24 : [261]
25 : [179]
26 : [15]
27 : [110]
28 : [61, 265, 284]
29 : [232, 254, 262]
30 : [23, 158]
31 : [260]
32 : [17, 150, 204]
33 : [14]
34 : [26, 237]
35 : [147, 255]
36 : [91, 195]
37 : [137, 223, 299]
38 : [116, 128]
39 : [57, 130, 149, 167]
40 : [246, 264, 282]
41 : [33, 45, 132]
42 : [143, 228]
43 : [297, 298]
44 : [92, 129, 134, 177, 212]
45 : [16, 78, 243, 277]
46 : [51]
47 : [19, 55, 122, 281]
48 : [86]
49 : [186, 248]
50 : [88, 108, 197, 258]
51 : [194, 259]
52 : [165, 273, 288]
53 : [31, 164, 229, 286]
54 : [29, 47, 72, 151]
55 : [119, 162]
56 : [121, 213, 267]
57 : [67, 138]
58 : [98, 231, 296]
59 : [40, 58, 193, 207, 266]
60 : [39, 159]
61 : [89, 176, 201]
62 : [46, 211, 293]
63 : [156, 184, 251]
64 : [1, 144, 210, 242]
65 : [-1]
66 : [43, 126]
67 : [18, 27, 30, 190, 256]
68 : [-1]
69 : [28, 54, 208]
70 : [105, 279, 294]
71 : [-1]
72 : [12, 25, 170]
73 : [62, 139, 290]
74 : [100, 123, 205]
75 : [42, 146, 239]
76 : [38, 44, 117, 187]
77 : [-1]
78 : [13, 83, 218, 268]
79 : [80, 163]
80 : [64, 199]
81 : [142, 148]
82 : [157, 289]
83 : [5, 35, 93, 107, 133, 233, 272, 278, 280]
84 : [48, 50]
85 : [2, 168, 219]
86 : [-1]
87 : [94, 191]
88 : [82, 97, 154, 221]
89 : [21, 240, 247, 257, 270]
90 : [60, 124, 180, 202, 276]
91 : [65, 115, 125, 141, 192]
92 : [76, 96, 160, 169, 171, 250, 252]
93 : [7, 85, 127]
94 : [109, 241]
95 : [87, 215]
96 : [36, 224]
97 : [22, 63, 66, 75, 234]
98 : [4, 37, 52, 74, 271]
99 : [49, 209, 291, 292]