0번 BS에 연결되어있는 MicroBaseStation ID : [1, 11, 10, 0, 33, 32, 30, 21, 3, 22, 12, 13, 23, 2, 20, 31]
1 : [3, 155, 185, 188] :                                                    4
11 : [9, 69, 114] :                                                         3
10 : [10, 84, 113, 161, 166, 206, 263] :                                    7
0 : [11, 20, 34, 68, 81, 95, 112, 118, 152, 172, 225, 274, 275] :           13
33 : [14] : 1
32 : [17, 150, 204] : 3
30 : [23, 158] : 2
21 : [53, 73, 77, 203, 235] : 5
3 : [59, 136] : 2
22 : [70, 135, 200] : 3
12 : [71, 120, 181] : 3
13 : [103, 175, 220, 238] : 4
23 : [174, 230] : 2
2 : [178, 183, 214, 217, 283] : 5
20 : [249] : 1
31 : [260] : 1
59
1번 BS에 연결되어있는 MicroBaseStation ID : [15, 4, 34, 5, 35, 14, 25, 24]
15 : [6, 182] : 2
4 : [24, 32, 145, 198] : 4
34 : [26, 237] : 2
5 : [56, 236, 244, 269] : 4
35 : [147, 255] : 2
14 : [153] : 1
25 : [179] : 1
24 : [261] : 1
17
2번 BS에 연결되어있는 MicroBaseStation ID : [17, 9, 26, 19, 39, 28, 36, 16, 6, 8, 27, 38, 7, 37, 18, 29]
17 : [0, 79, 90, 99, 106, 295] : 6
9 : [8, 140, 173, 196] : 4
26 : [15] : 1
19 : [41, 189, 245] : 3
39 : [57, 130, 149, 167] : 4
28 : [61, 265, 284] : 3
36 : [91, 195] : 2
16 : [101, 253] : 2
6 : [102, 111, 285] : 3
8 : [104, 222, 287] : 3
27 : [110] : 1
38 : [116, 128] : 2
7 : [131, 216] : 2
37 : [137, 223, 299] : 3
18 : [226, 227] : 2
29 : [232, 254, 262] : 3
44
3번 BS에 연결되어있는 MicroBaseStation ID : [53, 41, 50, 42, 52, 51, 40, 43]
53 : [31, 164, 229, 286] : 4
41 : [33, 45, 132] : 3
50 : [88, 108, 197, 258] : 4
42 : [143, 228] : 2
52 : [165, 273, 288] : 3
51 : [194, 259] : 2
40 : [246, 264, 282] : 3
43 : [297, 298] : 2
23
4번 BS에 연결되어있는 MicroBaseStation ID : [45, 54, 44, 55]
45 : [16, 78, 243, 277] : 4
54 : [29, 47, 72, 151] : 4
44 : [92, 129, 134, 177, 212] : 5
55 : [119, 162] : 2
15
5번 BS에 연결되어있는 MicroBaseStation ID : [47, 59, 46, 57, 48, 58, 56, 49]
47 : [19, 55, 122, 281] : 4
59 : [40, 58, 193, 207, 266] : 5
46 : [51] : 1
57 : [67, 138] : 2
48 : [86] : 1
58 : [98, 231, 296] : 3
56 : [121, 213, 267] : 3
49 : [186, 248] : 2
21
6번 BS에 연결되어있는 MicroBaseStation ID : [83, 93, 72, 60, 62, 90, 73, 80, 91, 92, 61, 70, 81, 63, 82]
83 : [5, 35, 93, 107, 133, 233, 272, 278, 280] : 9
93 : [7, 85, 127] : 3
72 : [12, 25, 170] : 3
60 : [39, 159] : 2
62 : [46, 211, 293] : 3
90 : [60, 124, 180, 202, 276] : 5
73 : [62, 139, 290] : 3
80 : [64, 199] : 2
91 : [65, 115, 125, 141, 192] : 5
92 : [76, 96, 160, 169, 171, 250, 252] : 7
61 : [89, 176, 201] : 3
70 : [105, 279, 294] : 3
81 : [142, 148] : 2
63 : [156, 184, 251] : 3
82 : [157, 289] : 2
55
7번 BS에 연결되어있는 MicroBaseStation ID : [64, 85, 75, 84, 95, 74, 94]
64 : [1, 144, 210, 242] : 4
85 : [2, 168, 219] : 3
75 : [42, 146, 239] : 3
84 : [48, 50] : 2
95 : [87, 215] : 2
74 : [100, 123, 205] : 3
94 : [109, 241] : 2
19
253